@0
00000000000000000000000000000000
11111111111111111111111111111111
11111111111111111111111111111110
11111111111111111111111111111101
11111111111111111111111111111100
11111111111111111111111111111011
11111111111111111111111111111010
11111111111111111111111111111001
11111111111111111111111111111000
11111111111111111111111111110111
11111111111111111111111111110110
11111111111111111111111111110101
11111111111111111111111111110100
11111111111111111111111111110011
11111111111111111111111111110010
11111111111111111111111111110001
11111111111111111111111111110000
11111111111111111111111111101111
11111111111111111111111111101110
11111111111111111111111111101101
11111111111111111111111111101100
11111111111111111111111111101011
11111111111111111111111111101010
11111111111111111111111111101001
11111111111111111111111111101000
11111111111111111111111111100111
11111111111111111111111111100110
11111111111111111111111111100101
11111111111111111111111111100100
11111111111111111111111111100011
11111111111111111111111111100010
11111111111111111111111111100001
