@0
00000000000100000010000000100000
00000000000100010010100000100000
00000000000100100011000000100000
00001100000000000000000000000100

00100000000010000000000000000000
00100000000010010000000000000000
00100000000010100000000000000000

00100000000010110000000000000100
00100000000011000000000000000000

00010001011010000000000000011000
00010001011010010000000000010101
00010001011010100000000000001101

000000_00000_01000_01101_00010_000000
00000001101010100110100000100000
00000001101001000110100000100000
10001101101011100000000000000000

000000_00000_01010_01111_00010_000000
00000001111010010111100000100000
00000001111001010111100000100000
10001101111110000000000000000000

00000001110011110000000000011000
00000000000000001100100000010010
00000001100110010110000000100000

00100001010010110000000000000001
00001000000000000000000000001011

000000_00000_01000_11001_00010_000000
00000011001010011100100000100000
00000011001001101100100000100000
10101111001011000000000000000000

00100000000011000000000000000000

00100000001010010000000000000001
00001000000000000000000000001010

00100001000010000000000000000001
00001000000000000000000000001001

00000011111000000000000000001000